12688
8479
12688 EMPHDX 0.076542912660011
8479 MIDX 0.005593188612309293
8479 EMPHDX 0.1806935359772772
10249
6297
10249 ADHDADDX 0.4910718471073148
6297 HIBPDX 0.3629097133557651
12576
12576 ASTHDX 0.5555173928109445
8204
8204 STRKDX 0.019031489202373415
404
404 HIBPDX 0.417018628894596
8351
8351 CHDDX 0.12657099905937833
8351 ANGIDX 0.06662308809849067
2337
2337 ASTHDX 0.44509289333934865
28
28 ASTHDX 0.3695489362861673
8597
8597 ASTHDX 0.48097376565148825
4257
4257 ADHDADDX 0.6626562402006446
295
295 EMPHDX 0.0353773382287555
29
29 STRKDX 0.3417896414950047
8365
8365 ANGIDX 0.12862458132390564
12695
12695 ANGIDX 0.1182668681226356
12695 OHRTDX 0.0603517072564061
6444
6444 ADHDADDX 0.4439765832893649
4126
4126 EMPHDX 0.08097109310410502
12696
12696 OHRTDX -0.025892352345328995
175
175 ANGIDX 0.02073869038504584
8494
8494 DIABDX 0.6647764749313259
8226
8226 OHRTDX -0.10572012201684948
10656
10656 CANCERDX 0.3404647075695551
10417
10417 HIBPDX 0.346055811312492
2352
2352 CHDDX 0.22768596442230352
10275
10275 EMPHDX 0.06314462053252923
421
421 HIBPDX 0.2254734679027221
4274
4274 OHRTDX -0.02575310959874426
4401
4401 EMPHDX 0.14216527200983864
6182
6182 STRKDX 0.02989290344707192
8621
177
8621 CANCERDX 0.43232504373569675
177 ADHDADDX 0.8390042925548928
2361
2361 ADHDADDX 0.5382586175388115
10279
10279 STRKDX -0.11670876452804627
8626
2229
2229 CHDDX 0.2079658558490032
8626 CANCERDX 0.5223849030731498
2363
2363 DIABDX 0.47061791212978427
12328
12328 CHOLDX 0.2207678386439181
12727
10423
12727 OHRTDX 0.15228995164645556
10423 EMPHDX 0.06776477479315604
12727 ARTHDX 0.2787904506417307
320
320 ASTHDX 0.435766079823645
8233
8233 MIDX 0.004493953364295469
8380
8380 CHDDX 0.18066482650380572
8380 EMPHDX 0.10616796171406293
4535
4535 STRKDX 0.20975180850441116
324
324 OHRTDX -0.028651491083190095
12329
12329 EMPHDX 0.048083683012016376
12731
12731 ANGIDX 0.04567669954692266
4289
4289 ASTHDX 0.5468649676603013
2092
2092 OHRTDX 0.0005066932242775725
6469
6469 CHDDX 0.20703469523893075
6589
6589 EMPHDX 0.040335720786372105
12482
12482 ARTHDX 0.08592976026240667
4424
4424 CANCERDX 0.6483885372407975
6189
6189 STRKDX -0.05296572464770137
2493
2493 CHOLDX 0.37609142989193806
6343
6343 HIBPDX 0.3703917774939788
4149
4149 CHOLDX 0.48081226799949595
331
331 CHDDX -0.037053178324247996
6595
6595 STRKDX 0.3536454309755518
10441
10441 OHRTDX -0.01743856084646069
10441 DIABDX 0.6634022257821997
6205
6205 CANCERDX 0.23259193851769694
4429
4429 CANCERDX 0.35219756663318547
2500
2500 ASTHDX 0.40447709088254236
10446
10446 DIABDX 0.546194060251844
10575
10575 HIBPDX 0.22850741613824405
63
63 ARTHDX 0.23617562062938485
8656
8656 ANGIDX 0.18374454134114276
210
210 STRKDX 0.08827342499437424
12626
12626 DIABDX 0.6229563638806787
68
68 CHDDX 0.20662868898379352
4565
4565 ARTHDX 0.12696379563285912
2262
2262 HIBPDX 0.19700580503428933
8531
8531 CHOLDX 0.23339262446655423
75
75 HIBPDX 0.13821645074061836
477
477 HIBPDX 0.12521201870587625
4313
4313 DIABDX 0.7416682231357593
12628
4174
12628 ARTHDX 0.2541387726807367
4174 CANCERDX 0.4159469466517552
2525
2525 ADHDADDX 0.48578177042448234
220
220 CANCERDX 0.40370551909370617
10320
4440
10320 ARTHDX 0.1732862283664317
4440 ASTHDX 0.504985560703307
10723
10723 STRKDX 0.0096061385808098
4324
4324 ANGIDX 0.15276191361942443
2131
2131 ADHDADDX 0.7769911260407263
346
346 ADHDADDX 0.7738227925048979
10728
10728 DIABDX 0.5766442712865618
230
230 EMPHDX 0.07868273905515386
96
96 EMPHDX 0.03432103791198464
2402
12782
2402 CHDDX 0.21552025480273185
2402 ANGIDX 0.05388407615078106
12782 OHRTDX 0.0630783326984886
6381
6381 MIDX 0.012354883540963636
6243
6243 STRKDX 0.15431561002828414
10734
10734 CHOLDX 0.25209666254218654
10595
10595 ANGIDX 0.1129576442659865
241
241 EMPHDX 0.041122591040463
4198
4198 ANGIDX 0.18003874643268708
6504
6504 MIDX 0.023224717482430584
8686
8686 ADHDADDX 0.47038127557194354
8439
8439 ANGIDX 0.07974035155211077
10342
10342 CANCERDX 0.5940748327556672
4456
6643
4456 CHOLDX 0.6183927510232738
6643 EMPHDX 0.05483230003034564
8441
8441 CANCERDX 0.4841657301965797
4200
4200 OHRTDX 0.1240063630021233
8554
6645
8554 OHRTDX -0.22169738672132036
6645 ASTHDX 0.41952793977553926
6399
6399 ARTHDX 0.026735740903982508
12391
12391 CANCERDX 0.44450666513015524
2426
2426 DIABDX 0.39655099483686124
503
503 CANCERDX 0.4370842187049075
4353
4353 EMPHDX 0.025579355587094905
6252
6252 ADHDADDX 0.5376210298981898
4477
4477 STRKDX 0.0757199478661866
6649
6649 MIDX -0.0005548523452401934
8454
8454 STRKDX 0.13972235134908034
12403
12403 STRKDX -0.04012954570222011
10624
10624 HIBPDX 0.4217542941386245
6656
6656 ARTHDX 0.22278038005601675
6406
6406 ADHDADDX 0.6583408971665838
8311
8311 EMPHDX 0.12499018649221802
8576
8576 ANGIDX 0.0784599608783196
2561
2561 CHOLDX 0.2976439236419173
4360
4360 DIABDX 0.6886007828186215
4215
4215 ASTHDX 0.3516886070969752
388
388 CANCERDX 0.27235241266742294
6664
6664 HIBPDX 0.1788703967231875
6664 ARTHDX 0.11388684455028333
10506
10506 ANGIDX 0.11727579944047742
8317
8317 EMPHDX 0.1438473413178922
2568
6534
2568 CHOLDX 0.15852852075097268
6534 CHOLDX 0.32394407225037214
269
269 ANGIDX 0.02220584267501249
269 MIDX 0.02059715625892342
12422
12422 CHDDX 0.16651638145728379
4489
522
522 MIDX 0.007040383010363829
4489 DIABDX 0.7985152739603094
10511
10511 CHOLDX 0.3202615476087872
134
134 CANCERDX 0.40667312563349045
12682
12682 ARTHDX 0.20167614852758176
8714
8714 STRKDX 0.06351023953474008
10512
10512 CHDDX 0.17060082899344992
10512 ANGIDX 0.07429788133070725
143
143 HIBPDX 0.37083184076095266
6540
6670
6540 DIABDX 0.5478252852429861
6670 CHDDX 0.061194956415979926
2325
2325 HIBPDX 0.3200994822037618
10383
10383 ADHDADDX 0.5299672840857446
8719
8719 CHOLDX 0.4762085839624932
6542
6542 HIBPDX 0.2044423545615002
279
279 OHRTDX 0.022063273412449316
4241
4241 ARTHDX 0.13977225821274866
10768
10768 CHOLDX 0.3616033379066304
6543
6543 HIBPDX 0.2818254085285789
6427
6427 CANCERDX 0.18399658040392397
10772
10772 CHDDX 0.24566011046261846
639
639 ARTHDX 0.15578305799976444
9143
9143 CHOLDX 0.41946961090507834
6919
6919 ADHDADDX 0.19743766562886653
6677
6677 CHOLDX 0.3273396007196849
10880
10880 ADHDADDX 0.4974593023123954
4880
4880 MIDX 0.011948043738623172
4880 OHRTDX 0.018452201306879933
5048
5048 CHOLDX 0.4326170563761889
8726
8726 HIBPDX 0.23412122636843663
4744
4744 CHDDX 0.21274021954717662
11027
11027 STRKDX 0.060671891153116886
9149
9149 HIBPDX 0.15993701469932728
8729
8729 EMPHDX 0.09391152389202503
8844
8844 MIDX 0.005389443008160218
4886
4886 OHRTDX 0.08232486017799018
11200
11200 CHOLDX 0.20377956773456082
4641
4641 STRKDX 0.10595818740033211
657
657 EMPHDX 0.052271586323293796
794
794 DIABDX 0.8728434159311061
3012
3012 CHDDX 0.12964530141044633
6690
6690 ASTHDX 0.4278372841251756
6802
6802 OHRTDX 0.07756884887394852
6938
6938 ASTHDX 0.3392557805956633
11205
11205 ASTHDX 0.43587559377748153
10790
10790 ARTHDX 0.1500661096871167
10899
10899 OHRTDX 0.12106861424117007
8992
8992 DIABDX 0.7498880602944907
967
967 ARTHDX 0.12186738199010103
2599
2599 STRKDX 0.26090236467037226
660
660 MIDX 0.006632282946897287
801
801 EMPHDX 0.09533812357551406
3018
3018 HIBPDX 0.23776877130937385
3018 ANGIDX 0.10131943116280626
8744
8744 ADHDADDX 0.5189902883294916
6805
6805 HIBPDX 0.3634035080316067
2850
2850 ANGIDX 0.0017320511347365733
3019
3019 STRKDX 0.10275394329618646
6701
6701 HIBPDX 0.1894517076693061
2720
2720 ADHDADDX 0.7129746902956301
11043
11043 ADHDADDX 0.7069344350710871
11211
11211 DIABDX 0.5621053025645242
6707
6707 CANCERDX 0.309296479299643
8865
8865 EMPHDX 0.050376327193605956
811
811 HIBPDX 0.11336489765340982
11210
11210 ASTHDX 0.47069381945118194
4660
4660 OHRTDX -0.05052199607186462
6817
6817 DIABDX 0.5864276081069174
9004
9004 ARTHDX 0.06137317412637695
3024
3024 CHDDX 0.1352861197760239
2611
2611 CANCERDX 0.2436591843348378
6822
6822 STRKDX 0.15618234921030735
4909
4909 ANGIDX 0.07658936567722147
9175
9175 ADHDADDX 0.6071534346826067
566
566 OHRTDX -0.0114863766889528
683
683 ASTHDX 0.43402731761749025
4911
4911 MIDX 0.009296926799943588
9180
9180 STRKDX 0.09176281805450325
2616
2616 CANCERDX 0.5091612599829988
4780
4780 HIBPDX 0.24292865887222997
6966
6966 OHRTDX 0.07878281135938613
3039
3039 MIDX 0.013170146533530642
2619
2619 ASTHDX 0.3381313726016453
10926
10926 MIDX 0.027640609558575484
6971
6971 CHDDX 0.13367262350034564
11236
11236 EMPHDX 0.03156204113890577
573
573 CHOLDX 0.23685358139926319
6833
6833 OHRTDX -0.00798988147335319
9020
9020 MIDX 0.010936355891897268
998
998 CHDDX 0.12795161397289606
8766
8766 ARTHDX 0.18439557350143543
8883
8883 OHRTDX 0.06601198259546531
9021
9021 ASTHDX 0.47263193779312446
9196
9196 ASTHDX 0.44106610099434723
10817
10817 HIBPDX 0.4782219208213678
4797
4797 HIBPDX 0.21079584904737653
833
833 ARTHDX 0.07515092152900339
11249
11249 CHDDX 0.15853937007642588
2625
2625 CHOLDX 0.4677326730955362
701
701 ADHDADDX 0.4046995960864957
2888
2888 CHOLDX 0.24154659781702495
5107
5107 OHRTDX 0.21529214931231444
10819
10819 ASTHDX 0.6397514677593036
6849
6849 ANGIDX 0.07936468546845948
4937
4937 ASTHDX 0.416145581077146
3060
3060 CHDDX 0.16519579604954082
3060 MIDX 0.013096225899212156
580
580 CHOLDX 0.421953004430626
4801
4801 CHOLDX 0.493283415144199
4942
4942 EMPHDX 0.05924211282009713
7160
7160 CANCERDX 0.609593035719946
4678
4678 ARTHDX 0.10618964309032856
8906
8906 ASTHDX 0.26582231378468024
852
852 DIABDX 0.6232286518907718
3066
3066 STRKDX 0.04926913705023457
6729
6729 EMPHDX 0.04173281692970775
2765
2765 ANGIDX 0.07916521654137934
7002
7002 CANCERDX 0.3287879838226671
9210
9210 HIBPDX 0.21655218241740704
10829
10829 ADHDADDX 0.4481983731637531
6863
6863 CHDDX 0.16288981429800142
7012
7012 ADHDADDX 0.6773570100547405
1020
1020 DIABDX 0.7246624621076484
2643
2643 ANGIDX 0.08226573973821125
6864
6864 ASTHDX 0.47881957874923714
9065
9065 ARTHDX 0.1802258551049677
5117
5117 STRKDX 0.10120565192999426
2646
2646 DIABDX 0.7177381112022896
4821
4821 ASTHDX 0.5020795775668838
9072
9072 ADHDADDX 0.5447629480689542
11263
11263 ANGIDX 0.0038176766133052736
8792
8792 ASTHDX 0.5014570161142796
10968
10968 OHRTDX -0.20631739964593526
11126
11126 CHOLDX 0.2464874048957203
7175
7175 DIABDX 0.4364858607468002
6745
6745 ARTHDX 0.11890004900245166
10978
10978 MIDX 0.010759720267674733
9078
9078 ARTHDX 0.15488072373955772
1032
1032 CHDDX 0.16152487168132032
1032 CHOLDX 0.42368282412868974
8795
8795 ADHDADDX 0.6836701880769953
741
741 CANCERDX 0.4206575999826082
4989
4989 OHRTDX 0.0911194555289591
3080
3080 ARTHDX 0.38894943392424913
2662
2662 OHRTDX 0.08521758743926162
4838
4838 ANGIDX 0.055442968968273595
11148
11148 CHDDX 0.1564867417868314
7179
7179 OHRTDX 0.09656872898569589
4713
4713 CHOLDX 0.3614057049975162
10987
10987 MIDX 0.004496893190118012
5005
5005 ANGIDX 0.09801635176502084
5005 EMPHDX 0.05717166650079217
11283
11283 STRKDX 0.03736831374050448
8811
8811 ADHDADDX 0.6381194178048537
2796
2796 DIABDX 0.7126079918302188
918
918 MIDX 0.0067113165236695254
3094
3094 ANGIDX 0.12661251101471654
4716
4716 STRKDX 0.1321461706212433
2800
2800 STRKDX 0.07572367553812037
2966
2966 CANCERDX 0.40763680545239045
1048
1048 ARTHDX 0.20119744612467005
621
621 ASTHDX 0.24538581881611543
4853
4853 DIABDX 0.4612651078067961
9118
9118 CHDDX 0.13187527142272457
9241
9241 EMPHDX 0.05324051985794439
624
624 OHRTDX 0.04399720108251956
4859
4859 STRKDX 0.04234618404788537
4859 DIABDX 0.6453297798280258
11171
11171 HIBPDX 0.25147600811051124
11290
11290 ANGIDX 0.15803695796752376
2677
2677 ARTHDX 0.2155809000961719
2820
2820 CANCERDX 0.4449269634440801
935
935 HIBPDX 0.18365084384934846
1054
1054 HIBPDX 0.43563810670164177
632
632 ANGIDX 0.1086469034497953
632 MIDX 0.006809976705539877
8967
8967 ANGIDX 0.047387164798219875
8967 ARTHDX 0.09272188259599089
2988
2988 STRKDX 0.06744534166170182
1055
1055 ANGIDX 0.07256183105551414
7200
7200 EMPHDX 0.0627862452540254
5272
5272 CHOLDX 0.19169697925821183
9549
9549 MIDX 0.008329802644639665
5543
5543 CANCERDX 0.2944441082833804
5153
5153 CANCERDX 0.4001010850112093
3227
3227 STRKDX 0.1382991308363208
3405
3405 ASTHDX 0.6458228778909666
1448
1448 DIABDX 0.46656427333972866
7198
7198 ARTHDX 0.10281748182851534
11421
11421 ADHDADDX 0.591275288248019
9552
9552 MIDX 0.007621359191226392
3497
3497 HIBPDX 0.11030790631464696
9251
9251 CHOLDX 0.3438274995618039
9374
9374 STRKDX 0.07200056879317661
11601
11601 MIDX 0.007581652705272228
9653
9653 STRKDX 0.06281549183324212
9253
9253 STRKDX 0.07701566126658578
11430
11430 ASTHDX 0.5126527919577737
5456
5456 OHRTDX 0.09629770174636462
5561
5561 ADHDADDX 0.5737430485298335
11308
11308 DIABDX 0.5150703656825066
5291
5291 ANGIDX 0.05401652008246101
5291 DIABDX 0.45685619970963565
11604
11604 ASTHDX 0.6052615980756111
9660
9660 MIDX 0.008362279658087697
11313
11313 CHOLDX 0.43393787673829987
5296
5296 ARTHDX 0.15932534363278472
7511
7511 MIDX 0.023363791938389705
5565
5565 ANGIDX 0.07472279245765955
1078
1078 ADHDADDX 0.8570485382273165
7345
7345 ANGIDX 0.09049560440354153
1367
1367 CANCERDX 0.2686954947519057
1367 ARTHDX 0.14407961029735156
1469
1469 ASTHDX 0.4489580678098329
9271
9271 ANGIDX 0.08757284260694115
9271 MIDX 0.004963228903178911
9395
9395 CHOLDX 0.2185503097387827
1369
1369 MIDX 0.005095523416359058
5574
5574 HIBPDX 0.4025232948693355
1081
1081 DIABDX 0.7254800988294572
5300
5300 ARTHDX 0.13875248567359613
5477
5477 ADHDADDX 0.8721026895402842
3528
3528 ANGIDX 0.1337558959821218
3130
3130 ARTHDX 0.1788479003711445
1207
1207 ARTHDX 0.11789842190641554
9577
9577 DIABDX 0.9129108081019855
5577
5577 EMPHDX 0.04278643470278144
1084
1084 MIDX 0.012921534011630487
7351
7351 ADHDADDX 0.4565307794515101
5482
5482 EMPHDX 0.04805100177387516
9675
9675 CHDDX 0.11678656664087526
7230
7230 DIABDX 0.763788332963111
1213
1213 DIABDX 0.8240036618937681
3435
3435 ANGIDX 0.043458055807315106
3435 ASTHDX 0.40034164762210556
7628
7628 CANCERDX 0.30609414257238354
9280
9280 HIBPDX 0.18406057887040184
9408
9408 ADHDADDX 0.7586482573131883
11625
11625 ARTHDX 0.12008032965908287
11736
11736 OHRTDX 0.06429222889552944
5186
5186 HIBPDX 0.21842975675557444
7365
7365 HIBPDX 0.5186813830054755
1387
1387 ARTHDX 0.21124380790836794
1499
1499 ARTHDX 0.12390266771611738
3138
3138 CHDDX 0.15741841165858242
9430
9430 ASTHDX 0.358483524143069
5485
5485 ADHDADDX 0.4851530986276582
7651
7651 HIBPDX 0.19286200981999713
3142
3142 ADHDADDX 0.6328693591111367
1243
1243 OHRTDX 0.12442026434256154
9578
9578 ADHDADDX 0.7062911259212257
11748
11748 MIDX 0.006057575127541539
5193
5193 ARTHDX 0.17231457358169008
5345
5345 ANGIDX 0.09750719428089344
5345 DIABDX 0.4132929409867468
1398
1398 OHRTDX 0.021126612916498567
7657
7657 HIBPDX 0.3941674944676211
3149
3149 HIBPDX 0.032792455246926144
9443
9443 CANCERDX 0.3498672003165523
7543
7543 EMPHDX 0.16231053289740707
9709
9709 MIDX 0.007865272431472696
1104
1104 CHDDX 0.23125111443832388
11500
11500 MIDX 0.005001917916775341
1400
1400 ADHDADDX 0.6301728827406878
1519
1519 ARTHDX 0.13446269343811504
9302
9302 CHOLDX 0.4750076866142713
11512
11512 OHRTDX -0.1308889729279697
11512 DIABDX 0.7090406068544245
1402
1402 CANCERDX 0.44812015936720795
5622
5622 CHDDX 0.026880847293730827
7260
7260 ARTHDX 0.20653205096304386
11515
11515 DIABDX 0.656366997374672
7547
7547 OHRTDX 0.10934671600001325
5623
5623 EMPHDX 0.14312990263110223
7261
7261 EMPHDX 0.13651345431194695
9472
9472 ASTHDX 0.420086614683596
9595
9595 EMPHDX 0.13148520623800092
3581
3581 CHDDX 0.25135703995754627
3166
3166 CANCERDX 0.2551772403209124
7445
7445 CHOLDX 0.5227333452102443
11645
11645 CHDDX 0.19657904780544724
11775
11775 HIBPDX 0.0798388090530587
3169
3169 CANCERDX 0.3341505681663307
5398
5398 MIDX 0.0249513700324789
3454
3454 ANGIDX 0.18591797487525208
9727
9727 HIBPDX 0.1245196524449757
9727 DIABDX 0.3639456712791857
9727 ARTHDX 0.14834305104306103
9314
9314 CHDDX 0.13642362802839603
5402
5402 ASTHDX 0.444349280307422
1410
1410 CANCERDX 0.3318657766746606
5633
5633 MIDX 0.03174568906432212
1123
1123 MIDX 0.025646552710426426
9506
9506 ADHDADDX 0.43934602371369674
7556
7556 ARTHDX 0.14856650797425539
1538
1538 CHDDX 0.09089782036856871
7267
7267 CHOLDX 0.3553884998231168
1318
1318 CHDDX 0.1873481809910288
9607
9607 STRKDX 0.09268822277740171
3586
3586 OHRTDX 0.01505267766847186
3174
3174 HIBPDX 0.358585253420573
11558
11558 OHRTDX 0.1552226097295546
1416
1416 MIDX 0.010976209052280628
7683
7683 DIABDX 0.5263082457651322
3181
3181 MIDX 0.0008340896631771367
5418
5418 MIDX 0.010908628582750126
5418 OHRTDX -0.0029613973768601145
1420
1420 CHDDX 0.24439594650740976
11782
11782 DIABDX 0.6736954148561725
3186
3186 HIBPDX 0.28354396375264934
5423
5423 HIBPDX 0.2806515528020207
3469
3469 DIABDX 0.6605960248708953
5644
5644 OHRTDX 0.22918459304658328
11387
11387 EMPHDX 0.08430741563241327
11570
11570 MIDX 0.004111441191790911
5521
5521 CANCERDX 0.37431186409961203
7697
7697 ARTHDX 0.10876350600328077
11388
11388 ADHDADDX 0.7064896142836928
11571
11571 MIDX 0.004269293784074917
7572
7572 MIDX 0.004151390756189149
9746
9746 EMPHDX 0.19095531774285995
11394
11394 ARTHDX 0.13947849305912113
3379
3379 ASTHDX 0.5301481365537536
3479
3479 EMPHDX 0.06979575909279245
3603
3603 ASTHDX 0.3751148562701137
5252
5252 ASTHDX 0.4268815879076502
3381
3381 EMPHDX 0.04296950213057844
5529
5529 DIABDX 0.4430630148512408
5651
5651 ASTHDX 0.35647247072165755
5257
5257 OHRTDX 0.019257654083775576
11589
11589 OHRTDX 0.04554048627301476
3486
3486 ANGIDX 0.10044080164412035
5654
5654 ANGIDX 0.07988344090902151
1169
1169 DIABDX 0.7747613154943944
9543
9543 ANGIDX 0.0856924985140175
3491
3491 CHDDX 0.1537932257838402
5658
5658 HIBPDX 0.38282145054093414
5267
5267 MIDX 0.009633206022074544
9546
9546 HIBPDX 0.24470480370872702
9636
9636 ARTHDX 0.11692311048067154
9754
9754 CHDDX 0.20036187613662632
5664
5664 OHRTDX 0.033277308873553964
9893
9893 ADHDADDX 0.6862843225912603
12075
12075 CHOLDX 0.5468118414782697
1920
1920 ANGIDX 0.1157846352276001
1573
1573 CANCERDX 0.36305004722251427
1706
1706 CHOLDX 0.19596493772380663
1836
1836 CHDDX 0.11574979589782196
1921
1921 DIABDX 0.8459335129516775
3624
3624 CANCERDX 0.515056455392442
9905
9905 CANCERDX 0.27737915505386074
5935
5935 STRKDX 0.12519007730673598
6018
6018 OHRTDX 0.11394284572235001
5675
5675 DIABDX 0.6446604952605959
1715
1715 STRKDX 0.0947019307335626
1715 EMPHDX 0.0838829027197333
10031
10031 CANCERDX 0.41594934901110897
10116
10116 HIBPDX 0.35857388006027807
11825
11825 CHDDX 0.17578226771946442
1717
1717 OHRTDX -0.008023826844033122
7986
7986 DIABDX 0.5757985237317144
10120
10120 EMPHDX 0.08449132234928641
11827
11827 STRKDX 0.0453504947163923
3770
3770 MIDX 0.011825449690896186
1844
1844 CANCERDX 0.37299579780139436
8074
8074 OHRTDX 0.13946271677599556
5686
5686 HIBPDX 0.4381603755847936
3771
3771 OHRTDX -0.1458864772973002
7992
7992 ADHDADDX 0.6405844502909808
1930
1930 ARTHDX 0.11378741683373658
9782
9782 OHRTDX 0.1060997223369964
5818
5818 ASTHDX 0.26191723049399074
5946
5946 ANGIDX 0.17544959008274935
8082
8082 ASTHDX 0.4038298639679319
3646
3646 CHOLDX 0.28362508255068575
3774
3774 STRKDX 0.09748038101320816
12091
12091 ASTHDX 0.2671015228165292
10133
10133 DIABDX 0.7208144508847106
3647
3647 ADHDADDX 0.7324916210329532
5827
5827 CHDDX 0.18965787087661262
3900
3900 ASTHDX 0.6043564300969486
1948
1948 DIABDX 0.7756859360599002
5698
5698 CHOLDX 0.30432891030840586
3781
3781 EMPHDX 0.03472258175994159
7997
7997 CHDDX 0.1160570799176902
7997 STRKDX -0.03175935769076822
8099
8099 MIDX 0.007589981498052201
1604
1604 ARTHDX 0.16166875950323642
7881
7881 MIDX 0.0029542448675899443
7881 CHOLDX 0.2047449516028326
10045
10045 STRKDX 0.07097050189851879
10045 EMPHDX 0.028204574877209197
6055
6055 CHDDX 0.2313904179677051
11846
11846 CANCERDX 0.29625766731066705
11981
11981 CHDDX 0.2289606880450511
3902
3902 CHOLDX 0.36678729540261795
8105
8105 EMPHDX 0.06117473695780293
3655
3655 STRKDX 0.10523546250322308
7890
7890 MIDX 0.003426108226245609
7890 STRKDX 0.09755322493350019
7890 EMPHDX 0.14441782164488312
3899
3899 ADHDADDX 0.6641319355133928
12202
12202 DIABDX 0.854743254595843
9803
9803 ARTHDX 0.19807092202941057
1758
1758 STRKDX 0.07509130676185244
3907
3907 STRKDX 0.07952810983072409
6060
6060 CHDDX 0.17867418042205452
9807
9807 CHOLDX 0.17824170279399207
9807 ASTHDX 0.033808311838145776
9950
9950 CANCERDX 0.3765653469811227
12100
12100 CHOLDX 0.2601163666435149
4014
4014 MIDX 0.027886585219439944
1618
1618 CHOLDX 0.17368076136139357
3810
3810 ADHDADDX 0.5536377925743252
12104
12104 CHOLDX 0.13720115070519537
10161
10161 ANGIDX 0.01336430894290925
1619
1619 EMPHDX 0.043344554847419836
3812
3812 OHRTDX 0.0374022304161178
3915
3915 MIDX 0.023311501960066858
10167
10167 DIABDX 0.40143600401395046
11859
11859 ARTHDX 0.17674377925311047
9960
9960 ADHDADDX 0.39487065843448915
5964
5964 ADHDADDX 0.6263908452878195
8124
8124 MIDX 0.03663408050817209
1623
1623 ADHDADDX 0.19091417274196598
1770
1770 HIBPDX 0.24992020391216851
1874
1874 HIBPDX 0.3488300188625791
1981
1981 HIBPDX 0.17867658184093463
1981 ANGIDX 0.05805065185427337
5722
5722 ANGIDX 0.06444261839971437
7915
7915 CHDDX 0.12312270354477207
8020
8020 CANCERDX 0.36808422281955566
6082
6082 CANCERDX 0.4928252585831409
7775
7775 CANCERDX 0.31404156489608614
12010
12010 EMPHDX 0.032981907014260924
10072
10072 ANGIDX 0.16441058343808956
8131
8131 CHOLDX 0.261201139172375
9828
9828 ASTHDX 0.36474718260900957
1775
1775 ASTHDX 0.3535695189001246
1883
1883 CANCERDX 0.21540407253261243
10180
10180 ASTHDX 0.4529322328620812
3694
3694 STRKDX 0.013215711797858845
12031
12031 CHOLDX 0.31435065695616415
10077
10077 CANCERDX 0.4336862783924138
6091
6091 CANCERDX 0.18856772304568595
1648
1648 CHDDX 0.20089961317247582
1648 ARTHDX 0.1641987856449367
5888
5888 OHRTDX 0.06702535164077449
12126
12126 STRKDX 0.061001167696113044
4043
4043 ADHDADDX 0.6839541739429472
1649
1649 ASTHDX 0.4531716693485915
1791
1791 ARTHDX 0.22437951192588113
1791 ASTHDX 0.28148515289465725
1887
1887 MIDX 0.02613836455567857
10189
10189 DIABDX 0.8149135794523451
7798
7798 CHDDX 0.15302828495213897
12043
12043 HIBPDX 0.2315311963553636
8036
8036 CANCERDX 0.37551494706632566
10193
10193 ARTHDX 0.09625484379870317
1657
1657 ARTHDX 0.15058655942432517
3853
3853 ADHDADDX 0.7400718208705876
12133
12133 STRKDX 0.17337080728107443
12247
12247 EMPHDX 0.08521498352066192
1659
1659 CHOLDX 0.6040062452234831
12051
12051 CHDDX 0.15632626149289724
12051 ASTHDX 0.29038827668464456
8040
8040 STRKDX 0.06723560680659267
6108
6108 DIABDX 0.46822653443456014
5755
5755 CHOLDX 0.28822829814382095
12052
12052 CHDDX 0.18648775738986154
3948
3948 DIABDX 0.8071227421279219
8157
8157 ADHDADDX 0.5585193619136313
5760
5760 DIABDX 0.5835135361844466
3861
3861 OHRTDX 0.01077398220161708
3861 CHOLDX 0.4437165414828448
10095
10095 HIBPDX 0.6531632344182878
2019
2019 ASTHDX 0.5654232767266623
9864
9864 ADHDADDX 0.3980462346687912
1815
1815 ANGIDX 0.15677709415886165
8050
8050 EMPHDX 0.10762741429225518
6121
6121 EMPHDX 0.15198636042901983
9869
9869 CHOLDX 0.33935467746794046
10008
10008 ADHDADDX 0.5768189381026969
12147
12147 STRKDX 0.060605927812543356
6123
6123 CANCERDX 0.3672348176450241
1679
1679 MIDX 0.024484757549973535
1679 CANCERDX 0.2870671906997442
12059
12059 ANGIDX 0.07129882087864997
12059 STRKDX 0.06861937890569342
6006
6006 OHRTDX 0.06380974591873881
2036
2036 STRKDX 0.07972104066875224
3729
3729 CHOLDX 0.3283024268996345
10017
10017 CHDDX 0.18612524744939693
10017 DIABDX 0.448002852534245
3960
3960 CHDDX 0.14087426845885356
2037
2037 CHOLDX 0.32734965930912935
5923
5923 OHRTDX 0.13407033089709303
5790
5790 CHOLDX 0.38959551973321216
6010
6010 MIDX 0.011350958007198063
10231
10231 ANGIDX 0.09977796703474871
1830
1830 CANCERDX 0.2946084986382181
5792
5792 ADHDADDX 0.6010889030974802
3966
3966 EMPHDX 0.03731215532104763
10238
10238 CHDDX 0.2033132756753807
10025
10025 ASTHDX 0.43163621634297183
7841
7841 ANGIDX 0.08236247931472035
7841 EMPHDX 0.03091743446552766
10111
10111 STRKDX 0.08352980833702034

